cue=0 ecc=0: 0.2524589378165892
cue=0 ecc=12: 0.3543491497666784
